[gd_scene load_steps=25 format=2]

[ext_resource path="res://objects/fence/fence.tscn" type="PackedScene" id=1]
[ext_resource path="res://test_scenes/dog.gd" type="Script" id=2]
[ext_resource path="res://scenes/intro.png" type="Texture" id=3]

[sub_resource type="GDScript" id=1]
script/source = "extends Spatial

const level_1 = preload(\"res://scenes/intro.tscn\")

func _ready():
	set_process_input(true)

func _on_TextureButton_pressed():
	
	yield(TransitionSingleton.get_current_screenshot(), \"completed\")
	get_tree().change_scene_to(level_1)

func _input(event):
	if event is InputEventKey and event.is_action_released(\"player_pause\"):
		get_tree().quit()
"

[sub_resource type="SpatialMaterial" id=2]
albedo_color = Color( 0.0509804, 0.196078, 0.0980392, 1 )

[sub_resource type="PlaneMesh" id=3]
material = SubResource( 2 )

[sub_resource type="SpatialMaterial" id=4]
albedo_color = Color( 0.141176, 0.117647, 0.266667, 1 )

[sub_resource type="PlaneMesh" id=5]
material = SubResource( 4 )

[sub_resource type="CylinderMesh" id=6]

[sub_resource type="SpatialMaterial" id=7]
albedo_color = Color( 0.109804, 0.0862745, 0, 1 )

[sub_resource type="SpatialMaterial" id=8]
albedo_color = Color( 0.258824, 0.2, 0, 1 )

[sub_resource type="PrismMesh" id=9]
material = SubResource( 8 )

[sub_resource type="SpatialMaterial" id=10]
albedo_color = Color( 0.372549, 0.286275, 0, 1 )

[sub_resource type="CapsuleMesh" id=11]
material = SubResource( 10 )

[sub_resource type="SpatialMaterial" id=12]
albedo_color = Color( 0.258824, 0.2, 0, 1 )

[sub_resource type="CubeMesh" id=13]
material = SubResource( 12 )

[sub_resource type="SpatialMaterial" id=14]
albedo_color = Color( 0, 0, 0, 1 )

[sub_resource type="CubeMesh" id=15]
material = SubResource( 14 )

[sub_resource type="SpatialMaterial" id=16]
albedo_color = Color( 0.372549, 0.286275, 0, 1 )

[sub_resource type="CubeMesh" id=17]
material = SubResource( 16 )

[sub_resource type="CylinderMesh" id=18]

[sub_resource type="SpatialMaterial" id=19]
albedo_color = Color( 0.258824, 0.2, 0, 1 )

[sub_resource type="SpatialMaterial" id=20]
albedo_color = Color( 0.258824, 0.2, 0, 1 )

[sub_resource type="CubeMesh" id=21]
material = SubResource( 20 )

[node name="Intro" type="Spatial"]
script = SubResource( 1 )

[node name="Camera" type="Camera" parent="."]
transform = Transform( 0.956732, -0.0578762, 0.285155, 0, 0.980018, 0.198908, -0.290969, -0.190302, 0.937615, 0.289521, 2.32334, 2.0308 )

[node name="ground" type="MeshInstance" parent="."]
transform = Transform( 9.90522, -0.0936284, 1.37036, 0.00355503, 9.97845, 0.656069, -1.37355, -0.649363, 9.88391, 0, 0.930628, 0 )
mesh = SubResource( 3 )
material/0 = null

[node name="backdrop" type="MeshInstance" parent="."]
transform = Transform( 48.3298, -0.456834, 6.68629, 4.94044, -5.10757, -36.0594, 0.282301, 9.90252, -1.36395, -4.10575, 0.59648, -15.6298 )
mesh = SubResource( 5 )
material/0 = null

[node name="hole" type="Position3D" parent="."]
transform = Transform( 1, 0, 0, 0, 1, 0, 0, 0, 1, 0, 1.64577, 0 )

[node name="Dirt" type="MeshInstance" parent="hole"]
transform = Transform( 0.18046, 0.276287, 0, -0.276287, 0.18046, 0, 0, 0, 0.33, 0, -0.824746, 0 )
mesh = SubResource( 6 )
material/0 = SubResource( 7 )

[node name="Particles" type="CPUParticles" parent="hole"]
transform = Transform( 1, 0, 0, 0, 1, 0, 0, 0, 1, 0.196195, -0.504884, 0 )
amount = 4
mesh = SubResource( 9 )
direction = Vector3( 1, 1, 0 )
spread = 10.0
initial_velocity = 5.0
initial_velocity_random = 1.0
angle_random = 1.0
scale_amount = 0.05
scale_amount_random = 0.01

[node name="dog" type="MeshInstance" parent="."]
transform = Transform( -8.72928e-09, 0.0348668, 0.247557, -6.57392e-09, 0.247557, -0.0348668, -0.25, -7.72715e-09, -7.72715e-09, 0.748638, 1.39011, 0 )
mesh = SubResource( 11 )
material/0 = null
script = ExtResource( 2 )

[node name="head" type="MeshInstance" parent="dog"]
transform = Transform( 0.5, 0, 0, 0, 0.5, 6.20882e-09, 0, -6.20882e-09, 0.5, 1.07745e-08, 1.06792, -1.41652 )
mesh = SubResource( 13 )
material/0 = null

[node name="snout" type="MeshInstance" parent="dog/head"]
transform = Transform( 0.5, 0, -7.10543e-15, 0, 0.5, 7.45058e-09, 0, -7.45058e-09, 0.5, 5.07027e-08, -0.278858, -1.36155 )
mesh = SubResource( 13 )
material/0 = null

[node name="nose" type="MeshInstance" parent="dog/head/snout"]
transform = Transform( 0.5, 0, -1.06581e-14, -1.77636e-15, 0.5, 7.45058e-09, 0, -7.45058e-09, 0.5, 3.15828e-08, -0.202492, -0.819328 )
mesh = SubResource( 15 )
material/0 = null

[node name="Ear" type="MeshInstance" parent="dog/head"]
transform = Transform( 0.124143, -0.129944, -0.263994, 0.0117422, 0.259591, -0.404206, 0.0833704, 0.156931, 0.450029, -1.03877, 0.221839, -0.0312443 )
mesh = SubResource( 17 )
material/0 = null

[node name="Ear2" type="MeshInstance" parent="dog/head"]
transform = Transform( 0.133814, 0.0722556, 0.260871, 0.0117421, 0.259589, -0.40421, -0.0667532, 0.190507, 0.451843, 1.01177, 0.221839, -0.0312443 )
mesh = SubResource( 17 )
material/0 = null

[node name="Tail" type="MeshInstance" parent="dog"]
transform = Transform( 0.0741828, 0.352902, 0.0570222, 0.011187, 0.773284, -0.0624113, -0.0661192, 0.526775, 0.0534165, 0.00395447, 0.850103, 1.06865 )
mesh = SubResource( 18 )
material/0 = SubResource( 19 )

[node name="Leg1" type="MeshInstance" parent="dog"]
transform = Transform( 0.1, -7.10543e-15, -1.11022e-15, 1.11022e-15, 0.66, 9.31323e-10, 2.66454e-15, 6.30522e-16, 0.1, -0.975937, -0.921427, -0.996021 )
mesh = SubResource( 21 )
material/0 = null

[node name="foot" type="MeshInstance" parent="dog/Leg1"]
transform = Transform( 1, 5.21519e-08, 7.44322e-10, 6.56243e-09, 0.410199, -0.0996629, -1.10059e-08, 4.98315, 0.00820397, -9.53674e-07, -1.00345, -4.4933 )
mesh = SubResource( 21 )
material/0 = null

[node name="Leg2" type="MeshInstance" parent="dog"]
transform = Transform( 0.1, -7.10543e-15, -1.11022e-15, 1.33227e-15, 0.66, 9.31323e-10, 3.10862e-15, 6.30522e-16, 0.1, 0.578455, -0.921427, -0.996021 )
mesh = SubResource( 21 )
material/0 = null

[node name="foot" type="MeshInstance" parent="dog/Leg2"]
transform = Transform( 1, 5.21519e-08, 7.44322e-10, 6.56243e-09, 0.410199, -0.0996629, -1.10059e-08, 4.98315, 0.00820397, -9.53674e-07, -1.00345, -4.4933 )
mesh = SubResource( 21 )
material/0 = null

[node name="Fence" type="Position3D" parent="."]
transform = Transform( 1, 0, 0, 0, 1, 0, 0, 0, 1, 0.330048, 0, -10.0518 )

[node name="Fence14" parent="Fence" instance=ExtResource( 1 )]
transform = Transform( 1, 0, 0, 0, 1, 0, 0, 0, 1, -11.303, 0, 0 )

[node name="Fence13" parent="Fence" instance=ExtResource( 1 )]
transform = Transform( 1, 0, 0, 0, 1, 0, 0, 0, 1, -2.83831, 0, 0 )

[node name="Fence11" parent="Fence" instance=ExtResource( 1 )]
transform = Transform( 1, 0, 0, 0, 1, 0, 0, 0, 1, -0.00391191, 0, 0 )

[node name="Fence8" parent="Fence" instance=ExtResource( 1 )]
transform = Transform( 1, 0, 0, 0, 1, 0, 0, 0, 1, -8.50495, 0, 0 )

[node name="Fence7" parent="Fence" instance=ExtResource( 1 )]
transform = Transform( 1, 0, 0, 0, 1, 0, 0, 0, 1, -1.41751, 0, 0 )

[node name="Fence5" parent="Fence" instance=ExtResource( 1 )]
transform = Transform( 1, 0, 0, 0, 1, 0, 0, 0, 1, 5.65439, 0, 0 )

[node name="Fence4" parent="Fence" instance=ExtResource( 1 )]
transform = Transform( 1, 0, 0, 0, 1, 0, 0, 0, 1, 4.24079, 0, 0 )

[node name="Fence3" parent="Fence" instance=ExtResource( 1 )]
transform = Transform( 1, 0, 0, 0, 1, 0, 0, 0, 1, 2.82719, 0, 0 )

[node name="Fence" parent="Fence" instance=ExtResource( 1 )]

[node name="Fence2" parent="Fence" instance=ExtResource( 1 )]
transform = Transform( 1, 0, 0, 0, 1, 0, 0, 0, 1, 1.4136, 0, 0 )

[node name="Fence6" parent="Fence" instance=ExtResource( 1 )]
transform = Transform( 1, 0, 0, 0, 1, 0, 0, 0, 1, 7.06798, 0, 0 )

[node name="Fence10" parent="Fence" instance=ExtResource( 1 )]
transform = Transform( 1, 0, 0, 0, 1, 0, 0, 0, 1, -9.94401, 0, 0 )

[node name="Fence12" parent="Fence" instance=ExtResource( 1 )]
transform = Transform( 1, 0, 0, 0, 1, 0, 0, 0, 1, -4.22964, 0, 0 )

[node name="Fence15" parent="Fence" instance=ExtResource( 1 )]
transform = Transform( 1, 0, 0, 0, 1, 0, 0, 0, 1, -5.63227, 0, 0 )

[node name="Fence17" parent="Fence" instance=ExtResource( 1 )]
transform = Transform( 1, 0, 0, 0, 1, 0, 0, 0, 1, -7.07363, 0, 0 )

[node name="Fence16" parent="Fence" instance=ExtResource( 1 )]
transform = Transform( 0.0792073, 0, -0.996858, 0, 1, 0, 0.996858, 0, 0.0792073, -11.2708, 0, 0 )

[node name="Fence18" parent="Fence" instance=ExtResource( 1 )]
transform = Transform( 0.0792073, 0, -0.996858, 0, 1, 0, 0.996858, 0, 0.0792073, -11.1535, 0, 1.34134 )

[node name="Fence19" parent="Fence" instance=ExtResource( 1 )]
transform = Transform( 0.0792073, 0, -0.996858, 0, 1, 0, 0.996858, 0, 0.0792073, -11.0209, 0.456553, 2.72951 )

[node name="Fence20" parent="Fence" instance=ExtResource( 1 )]
transform = Transform( 0.0792073, 0, -0.996858, 0, 1, 0, 0.996858, 0, 0.0792073, -10.8922, 0.456553, 4.14028 )

[node name="Fence21" parent="Fence" instance=ExtResource( 1 )]
transform = Transform( 0.0792073, 0, -0.996858, 0, 1, 0, 0.996858, 0, 0.0792073, -10.7624, 0.605994, 5.57002 )

[node name="Fence22" parent="Fence" instance=ExtResource( 1 )]
transform = Transform( 0.0792073, 0, -0.996858, 0, 1, 0, 0.996858, 0, 0.0792073, -10.6415, 0.76662, 6.89367 )

[node name="Fence23" parent="Fence" instance=ExtResource( 1 )]
transform = Transform( 0.0792073, 0, -0.996858, 0, 1, 0, 0.996858, 0, 0.0792073, -10.5043, 0.808591, 8.28807 )

[node name="Fence24" parent="Fence" instance=ExtResource( 1 )]
transform = Transform( 0.0792073, 0, -0.996858, 0, 1, 0, 0.996858, 0, 0.0792073, -10.4067, 0.873268, 9.70607 )

[node name="Fence25" parent="Fence" instance=ExtResource( 1 )]
transform = Transform( 0.0792073, 0, -0.996858, 0, 1, 0, 0.996858, 0, 0.0792073, -10.3413, 0.914709, 11.1009 )

[node name="DirectionalLight" type="DirectionalLight" parent="."]
transform = Transform( 1, 0, 0, 0, 0.83925, 0.543746, 0, -0.543746, 0.83925, 0, 15.1191, 0 )
directional_shadow_mode = 0

[node name="TextureButton" type="TextureButton" parent="."]
anchor_right = 1.0
anchor_bottom = 1.0
margin_left = 13.1836
margin_top = -9.72778
margin_right = 662.184
margin_bottom = 365.272
rect_scale = Vector2( 0.25, 0.25 )
size_flags_horizontal = 4
size_flags_vertical = 4
texture_normal = ExtResource( 3 )
__meta__ = {
"_edit_use_anchors_": false
}

[connection signal="pressed" from="TextureButton" to="." method="_on_TextureButton_pressed"]
