[gd_scene load_steps=48 format=2]

[ext_resource path="res://objects/player/Player.tscn" type="PackedScene" id=1]
[ext_resource path="res://objects/level_pieces/floor.tscn" type="PackedScene" id=2]
[ext_resource path="res://objects/level_pieces/wall.tscn" type="PackedScene" id=3]
[ext_resource path="res://objects/level_pieces/level_1_floor_material.tres" type="Material" id=4]
[ext_resource path="res://objects/enemy/Enemy.tscn" type="PackedScene" id=5]
[ext_resource path="res://objects/level_pieces/level_1_wall_material.tres" type="Material" id=6]
[ext_resource path="res://objects/gui/transition/Transition.tscn" type="PackedScene" id=7]
[ext_resource path="res://scenes/Staircase.gd" type="Script" id=8]
[ext_resource path="res://objects/level_end/LevelEnd.tscn" type="PackedScene" id=9]
[ext_resource path="res://scenes/Spawner.gd" type="Script" id=10]
[ext_resource path="res://objects/level_pieces/ramp.tscn" type="PackedScene" id=11]

[sub_resource type="GDScript" id=1]
script/source = "extends Spatial

const End = preload(\"res://scenes/end.tscn\")


# Called when the node enters the scene tree for the first time.
func _ready():
	
	$Player/Camera.environment.ambient_light_color = Color(\"774747\")


# Called every frame. 'delta' is the elapsed time since the previous frame.
#func _process(delta):
#	pass


func _on_LevelEnd_level_ended():
	TransitionSingleton.transition_to_scene(End)
"

[sub_resource type="SpatialMaterial" id=36]
flags_transparent = true
albedo_color = Color( 0.666667, 0.317647, 0.54902, 0.623529 )
metallic = 0.29
roughness = 0.54
emission_enabled = true
emission = Color( 0.184314, 0.0980392, 0.152941, 1 )
emission_energy = 1.0
emission_operator = 0
emission_on_uv2 = false
transmission_enabled = true
transmission = Color( 0.556863, 0.501961, 0.501961, 1 )

[sub_resource type="CubeMesh" id=2]
material = SubResource( 36 )

[sub_resource type="BoxShape" id=3]

[sub_resource type="BoxShape" id=4]

[sub_resource type="BoxShape" id=5]

[sub_resource type="BoxShape" id=6]

[sub_resource type="BoxShape" id=7]

[sub_resource type="BoxShape" id=8]

[sub_resource type="BoxShape" id=9]

[sub_resource type="BoxShape" id=10]

[sub_resource type="BoxShape" id=11]

[sub_resource type="BoxShape" id=12]

[sub_resource type="BoxShape" id=13]

[sub_resource type="BoxShape" id=14]

[sub_resource type="BoxShape" id=15]

[sub_resource type="BoxShape" id=16]

[sub_resource type="BoxShape" id=17]

[sub_resource type="BoxShape" id=18]

[sub_resource type="BoxShape" id=19]

[sub_resource type="BoxShape" id=20]

[sub_resource type="BoxShape" id=21]

[sub_resource type="BoxShape" id=22]

[sub_resource type="BoxShape" id=23]

[sub_resource type="BoxShape" id=24]

[sub_resource type="BoxShape" id=25]

[sub_resource type="BoxShape" id=26]

[sub_resource type="BoxShape" id=27]

[sub_resource type="BoxShape" id=28]

[sub_resource type="BoxShape" id=29]

[sub_resource type="BoxShape" id=30]

[sub_resource type="BoxShape" id=31]

[sub_resource type="BoxShape" id=32]

[sub_resource type="BoxShape" id=33]

[sub_resource type="BoxShape" id=34]

[sub_resource type="BoxShape" id=35]

[node name="Level2" type="Spatial"]
script = SubResource( 1 )

[node name="Level" type="Spatial" parent="."]

[node name="Floor" parent="Level" instance=ExtResource( 2 )]
transform = Transform( 300, 0, 0, 0, 1, 0, 0, 0, 200, 0, 0, 0 )

[node name="MeshInstance" parent="Level/Floor" index="1"]
material/0 = ExtResource( 4 )

[node name="IntroRoom" type="Spatial" parent="Level"]
transform = Transform( 1, 0, 0, 0, 1, 0, 0, 0, 1, 11, 0, 5 )

[node name="Enemy" parent="Level/IntroRoom" instance=ExtResource( 5 )]
transform = Transform( 1, 0, 0, 0, 1, 0, 0, 0, 1, 28.6647, 0, 35.9813 )

[node name="Wall13" parent="Level/IntroRoom" instance=ExtResource( 3 )]
transform = Transform( 1.31134e-07, 0, -1, 0, 1, 0, 1, 0, 1.31134e-07, -23, 4, 42.6538 )

[node name="MeshInstance" parent="Level/IntroRoom/Wall13" index="1"]
material/0 = ExtResource( 6 )

[node name="Wall14" parent="Level/IntroRoom" instance=ExtResource( 3 )]
transform = Transform( 1.31134e-07, 0, -1, 0, 1, 0, 1, 0, 1.31134e-07, -15, 4, 42.6538 )

[node name="MeshInstance" parent="Level/IntroRoom/Wall14" index="1"]
material/0 = ExtResource( 6 )

[node name="Wall15" parent="Level/IntroRoom" instance=ExtResource( 3 )]
transform = Transform( 1.31134e-07, 0, -1, 0, 1, 0, 1, 0, 1.31134e-07, -7, 4, 42.6538 )

[node name="MeshInstance" parent="Level/IntroRoom/Wall15" index="1"]
material/0 = ExtResource( 6 )

[node name="Wall16" parent="Level/IntroRoom" instance=ExtResource( 3 )]
transform = Transform( 1.31134e-07, 0, -1, 0, 1, 0, 1, 0, 1.31134e-07, 1, 4, 42.6538 )

[node name="MeshInstance" parent="Level/IntroRoom/Wall16" index="1"]
material/0 = ExtResource( 6 )

[node name="Wall17" parent="Level/IntroRoom" instance=ExtResource( 3 )]
transform = Transform( -2.18557e-07, 0, 1, 0, 1, 0, -1, 0, -2.18557e-07, 1, 4, 30.3307 )

[node name="Wall18" parent="Level/IntroRoom" instance=ExtResource( 3 )]
transform = Transform( -2.18557e-07, 0, 1, 0, 1, 0, -1, 0, -2.18557e-07, -7, 4, 30.3307 )

[node name="Wall19" parent="Level/IntroRoom" instance=ExtResource( 3 )]
transform = Transform( -2.18557e-07, 0, 1, 0, 1, 0, -1, 0, -2.18557e-07, -15, 4, 30.3307 )

[node name="Wall20" parent="Level/IntroRoom" instance=ExtResource( 3 )]
transform = Transform( -2.18557e-07, 0, 1, 0, 1, 0, -1, 0, -2.18557e-07, -23, 4, 30.3307 )

[node name="Wall21" parent="Level/IntroRoom" instance=ExtResource( 3 )]
transform = Transform( -0.999943, 0, -0.0106288, 0, 1, 0, 0.0106288, 0, -0.999943, -26.338, 4, 29.7909 )

[node name="Wall22" parent="Level/IntroRoom" instance=ExtResource( 3 )]
transform = Transform( -0.999943, 0, -0.0106288, 0, 1, 0, 0.0106288, 0, -0.999943, -26.253, 4, 37.7905 )

[node name="Wall23" parent="Level/IntroRoom" instance=ExtResource( 3 )]
transform = Transform( -0.999943, 0, -0.0106288, 0, 1, 0, 0.0106288, 0, -0.999943, -26.168, 4, 45.79 )

[node name="Cave" type="Spatial" parent="Level"]

[node name="Raised" type="StaticBody" parent="Level/Cave"]
transform = Transform( 10, 0, 0, 0, 3, 0, 0, 0, 2, 16.6024, 1.29097, 49.3727 )

[node name="CollisionShape" type="CollisionShape" parent="Level/Cave/Raised"]

[node name="MeshInstance" type="MeshInstance" parent="Level/Cave/Raised"]
mesh = SubResource( 2 )
material/0 = null

[node name="Raised2" type="StaticBody" parent="Level/Cave"]
transform = Transform( 10, 0, 0, 0, 3, 0, 0, 0, 2, 33.1602, 1.29097, 49.3727 )

[node name="CollisionShape" type="CollisionShape" parent="Level/Cave/Raised2"]
shape = SubResource( 3 )

[node name="MeshInstance" type="MeshInstance" parent="Level/Cave/Raised2"]
mesh = SubResource( 2 )
material/0 = null

[node name="Raised3" type="StaticBody" parent="Level/Cave"]
transform = Transform( 10, 0, 0, 0, 3, 0, 0, 0, 2, 49.3588, 1.29097, 49.3727 )

[node name="CollisionShape" type="CollisionShape" parent="Level/Cave/Raised3"]
shape = SubResource( 4 )

[node name="MeshInstance" type="MeshInstance" parent="Level/Cave/Raised3"]
mesh = SubResource( 2 )
material/0 = null

[node name="Raised4" type="StaticBody" parent="Level/Cave"]
transform = Transform( 10, 0, 0, 0, 3, 0, 0, 0, 2, 68.009, 1.29097, 49.3727 )

[node name="CollisionShape" type="CollisionShape" parent="Level/Cave/Raised4"]
shape = SubResource( 5 )

[node name="MeshInstance" type="MeshInstance" parent="Level/Cave/Raised4"]
mesh = SubResource( 2 )
material/0 = null

[node name="Raised5" type="StaticBody" parent="Level/Cave"]
transform = Transform( 50, 0, 0, 0, 15, 0, 0, 0, 30, 56.7897, -11.0523, 80.35 )

[node name="CollisionShape" type="CollisionShape" parent="Level/Cave/Raised5"]
shape = SubResource( 6 )

[node name="MeshInstance" type="MeshInstance" parent="Level/Cave/Raised5"]
mesh = SubResource( 2 )
material/0 = null

[node name="Raised6" type="StaticBody" parent="Level/Cave"]
transform = Transform( 10, 0, 0, 0, 3, 0, 0, 0, 2, 85.5097, 1.29097, 49.3727 )

[node name="CollisionShape" type="CollisionShape" parent="Level/Cave/Raised6"]
shape = SubResource( 7 )

[node name="MeshInstance" type="MeshInstance" parent="Level/Cave/Raised6"]
mesh = SubResource( 2 )
material/0 = null

[node name="Raised7" type="StaticBody" parent="Level/Cave"]
transform = Transform( 10, 0, 0, 0, 3, 0, 0, 0, 2, 102.068, 1.29097, 49.3727 )

[node name="CollisionShape" type="CollisionShape" parent="Level/Cave/Raised7"]
shape = SubResource( 8 )

[node name="MeshInstance" type="MeshInstance" parent="Level/Cave/Raised7"]
mesh = SubResource( 2 )
material/0 = null

[node name="Raised8" type="StaticBody" parent="Level/Cave"]
transform = Transform( 9.53191, 0, -0.60474, -1.0565, 2.81091, -0.666102, 2.83312, 1.04822, 1.78622, 80.3695, -1.75389, 24.0462 )

[node name="CollisionShape" type="CollisionShape" parent="Level/Cave/Raised8"]
shape = SubResource( 9 )

[node name="MeshInstance" type="MeshInstance" parent="Level/Cave/Raised8"]
mesh = SubResource( 2 )
material/0 = null

[node name="Raised9" type="StaticBody" parent="Level/Cave"]
transform = Transform( -2.66986, 0, -1.9274, 0, 3, 0, 9.637, 0, -0.533972, 82.2442, -1.75389, 24.0462 )

[node name="CollisionShape" type="CollisionShape" parent="Level/Cave/Raised9"]
shape = SubResource( 10 )

[node name="MeshInstance" type="MeshInstance" parent="Level/Cave/Raised9"]
transform = Transform( 1, 0, -3.72529e-09, 0, 1, 0, 0, 0, 1, 0, 0, 0 )
mesh = SubResource( 2 )
material/0 = null

[node name="Raised10" type="StaticBody" parent="Level/Cave"]
transform = Transform( -4.37114e-07, 0, -2, 0, 3, 0, 10, 0, -8.74228e-08, 105.445, 2.87036, 57.8857 )

[node name="CollisionShape" type="CollisionShape" parent="Level/Cave/Raised10"]
shape = SubResource( 11 )

[node name="MeshInstance" type="MeshInstance" parent="Level/Cave/Raised10"]
mesh = SubResource( 2 )
material/0 = null

[node name="Raised11" type="StaticBody" parent="Level/Cave"]
transform = Transform( -4.37114e-07, 0, -2, 0, 3, 0, 10, 0, -8.74228e-08, 105.445, 2.87036, 74.4435 )

[node name="CollisionShape" type="CollisionShape" parent="Level/Cave/Raised11"]
shape = SubResource( 12 )

[node name="MeshInstance" type="MeshInstance" parent="Level/Cave/Raised11"]
mesh = SubResource( 2 )
material/0 = null

[node name="Raised12" type="StaticBody" parent="Level/Cave"]
transform = Transform( -4.37114e-07, 0, -2, 0, 3, 0, 10, 0, -8.74228e-08, 105.445, 2.87036, 90.6421 )

[node name="CollisionShape" type="CollisionShape" parent="Level/Cave/Raised12"]
shape = SubResource( 13 )

[node name="MeshInstance" type="MeshInstance" parent="Level/Cave/Raised12"]
mesh = SubResource( 2 )
material/0 = null

[node name="Raised13" type="StaticBody" parent="Level/Cave"]
transform = Transform( -4.37114e-07, 0, -2, 0, 3, 0, 10, 0, -8.74228e-08, 105.445, 2.87036, 109.292 )

[node name="CollisionShape" type="CollisionShape" parent="Level/Cave/Raised13"]
shape = SubResource( 14 )

[node name="MeshInstance" type="MeshInstance" parent="Level/Cave/Raised13"]
mesh = SubResource( 2 )
material/0 = null

[node name="Raised14" type="StaticBody" parent="Level/Cave"]
transform = Transform( 4.60346, 0.621379, 1.72648, -0.974633, 2.93494, -0.365526, -8.82373, 0, 0.9411, 53.0249, -1.75389, 47.6203 )

[node name="CollisionShape" type="CollisionShape" parent="Level/Cave/Raised14"]
shape = SubResource( 15 )

[node name="MeshInstance" type="MeshInstance" parent="Level/Cave/Raised14"]
mesh = SubResource( 2 )
material/0 = null

[node name="Raised15" type="StaticBody" parent="Level/Cave"]
transform = Transform( 5.47081, 0, -1.67416, 0, 3, 0, 8.3708, 0, 1.09416, 54.2634, -1.75389, 46.2129 )

[node name="CollisionShape" type="CollisionShape" parent="Level/Cave/Raised15"]
shape = SubResource( 16 )

[node name="MeshInstance" type="MeshInstance" parent="Level/Cave/Raised15"]
mesh = SubResource( 2 )
material/0 = null

[node name="Raised16" type="StaticBody" parent="Level/Cave"]
transform = Transform( 0.35196, 0, 1.99876, 0, 3, 0, -9.9938, 0, 0.0703921, 16.3123, -1.75389, 22.3381 )

[node name="CollisionShape" type="CollisionShape" parent="Level/Cave/Raised16"]
shape = SubResource( 17 )

[node name="MeshInstance" type="MeshInstance" parent="Level/Cave/Raised16"]
mesh = SubResource( 2 )
material/0 = null

[node name="Raised17" type="StaticBody" parent="Level/Cave"]
transform = Transform( 9.53706, 0, -0.601478, 0, 3, 0, 3.00739, 0, 1.90741, 16.3783, -1.75389, 20.4646 )

[node name="CollisionShape" type="CollisionShape" parent="Level/Cave/Raised17"]
shape = SubResource( 18 )

[node name="MeshInstance" type="MeshInstance" parent="Level/Cave/Raised17"]
mesh = SubResource( 2 )
material/0 = null

[node name="Wall17" parent="Level/Cave" instance=ExtResource( 3 )]
transform = Transform( -0.866026, 0, 0.5, 0, 1, 0, -0.5, 0, -0.866026, 29.5892, 4, 11.0306 )

[node name="Wall18" parent="Level/Cave" instance=ExtResource( 3 )]
transform = Transform( -0.866026, 0, 0.5, 0, 1, 0, -0.5, 0, -0.866026, 25.5892, 4, 17.9588 )

[node name="Wall19" parent="Level/Cave" instance=ExtResource( 3 )]
transform = Transform( -0.866026, 0, 0.5, 0, 1, 0, -0.5, 0, -0.866026, 21.5892, 4, 24.887 )

[node name="Wall20" parent="Level/Cave" instance=ExtResource( 3 )]
transform = Transform( -0.866026, 0, 0.5, 0, 1, 0, -0.5, 0, -0.866026, 17.5892, 4, 31.8152 )

[node name="Wall21" parent="Level/Cave" instance=ExtResource( 3 )]
transform = Transform( -0.5, 0, 0.866025, 0, 1, 0, -0.866025, 0, -0.5, 55.7607, 4, -6.1861 )

[node name="Wall22" parent="Level/Cave" instance=ExtResource( 3 )]
transform = Transform( -0.5, 0, 0.866025, 0, 1, 0, -0.866025, 0, -0.5, 48.8325, 4, -2.1861 )

[node name="Wall23" parent="Level/Cave" instance=ExtResource( 3 )]
transform = Transform( -0.5, 0, 0.866025, 0, 1, 0, -0.866025, 0, -0.5, 41.9043, 4, 1.8139 )

[node name="Wall24" parent="Level/Cave" instance=ExtResource( 3 )]
transform = Transform( -0.5, 0, 0.866025, 0, 1, 0, -0.866025, 0, -0.5, 34.9761, 4, 5.8139 )

[node name="Wall25" parent="Level/Cave" instance=ExtResource( 3 )]
transform = Transform( 0.5, 0, 0.866026, 0, 1, 0, -0.866026, 0, 0.5, 83.2064, 4, 6.27324 )

[node name="Wall26" parent="Level/Cave" instance=ExtResource( 3 )]
transform = Transform( 0.5, 0, 0.866026, 0, 1, 0, -0.866026, 0, 0.5, 76.2782, 4, 2.27323 )

[node name="Wall27" parent="Level/Cave" instance=ExtResource( 3 )]
transform = Transform( 0.5, 0, 0.866026, 0, 1, 0, -0.866026, 0, 0.5, 69.35, 4, -1.72676 )

[node name="Wall28" parent="Level/Cave" instance=ExtResource( 3 )]
transform = Transform( 0.5, 0, 0.866026, 0, 1, 0, -0.866026, 0, 0.5, 62.4218, 4, -5.72676 )

[node name="Wall29" parent="Level/Cave" instance=ExtResource( 3 )]
transform = Transform( -1.78814e-07, 0, 1, 0, 1, 0, -1, 0, -1.78814e-07, 114.41, 4, 8.21013 )

[node name="Wall30" parent="Level/Cave" instance=ExtResource( 3 )]
transform = Transform( -1.78814e-07, 0, 1, 0, 1, 0, -1, 0, -1.78814e-07, 106.41, 4, 8.21012 )

[node name="Wall31" parent="Level/Cave" instance=ExtResource( 3 )]
transform = Transform( -1.78814e-07, 0, 1, 0, 1, 0, -1, 0, -1.78814e-07, 98.4098, 4, 8.21012 )

[node name="Wall32" parent="Level/Cave" instance=ExtResource( 3 )]
transform = Transform( -1.78814e-07, 0, 1, 0, 1, 0, -1, 0, -1.78814e-07, 90.4098, 4, 8.21013 )

[node name="Wall33" parent="Level/Cave" instance=ExtResource( 3 )]
transform = Transform( -0.258819, 0, 0.965926, 0, 1, 0, -0.965926, 0, -0.258819, 143.875, 3.99854, 0.972509 )

[node name="Wall34" parent="Level/Cave" instance=ExtResource( 3 )]
transform = Transform( -0.258819, 0, 0.965926, 0, 1, 0, -0.965926, 0, -0.258819, 136.108, 4, 3.03354 )

[node name="Wall35" parent="Level/Cave" instance=ExtResource( 3 )]
transform = Transform( -0.258819, 0, 0.965926, 0, 1, 0, -0.965926, 0, -0.258819, 128.381, 4, 5.10409 )

[node name="Wall36" parent="Level/Cave" instance=ExtResource( 3 )]
transform = Transform( -0.258819, 0, 0.965926, 0, 1, 0, -0.965926, 0, -0.258819, 120.654, 4, 7.17464 )

[node name="Wall37" parent="Level/Cave" instance=ExtResource( 3 )]
transform = Transform( 0.258819, 0, 0.965926, 0, 1, 0, -0.965926, 0, 0.258819, 174.516, 4, 7.29497 )

[node name="Wall38" parent="Level/Cave" instance=ExtResource( 3 )]
transform = Transform( 0.258819, 0, 0.965926, 0, 1, 0, -0.965926, 0, 0.258819, 166.788, 4, 5.22441 )

[node name="Wall39" parent="Level/Cave" instance=ExtResource( 3 )]
transform = Transform( 0.258819, 0, 0.965926, 0, 1, 0, -0.965926, 0, 0.258819, 159.061, 4, 3.15385 )

[node name="Wall40" parent="Level/Cave" instance=ExtResource( 3 )]
transform = Transform( 0.258819, 0, 0.965926, 0, 1, 0, -0.965926, 0, 0.258819, 151.334, 4, 1.0833 )

[node name="Wall41" parent="Level/Cave" instance=ExtResource( 3 )]
transform = Transform( 0.965926, 0, 0.258819, 0, 1, 0, -0.258819, 0, 0.965926, 185.113, 4, 35.5121 )

[node name="Wall42" parent="Level/Cave" instance=ExtResource( 3 )]
transform = Transform( 0.965926, 0, 0.258819, 0, 1, 0, -0.258819, 0, 0.965926, 183.042, 4, 27.7847 )

[node name="Wall43" parent="Level/Cave" instance=ExtResource( 3 )]
transform = Transform( 0.965926, 0, 0.258819, 0, 1, 0, -0.258819, 0, 0.965926, 180.972, 4, 20.0573 )

[node name="Wall44" parent="Level/Cave" instance=ExtResource( 3 )]
transform = Transform( 0.965926, 0, 0.258819, 0, 1, 0, -0.258819, 0, 0.965926, 178.901, 4, 12.3299 )

[node name="Wall45" parent="Level/Cave" instance=ExtResource( 3 )]
transform = Transform( 0.707107, 0, 0.707107, 0, 1, 0, -0.707107, 0, 0.707107, 205.807, 4, 58.9458 )

[node name="Wall46" parent="Level/Cave" instance=ExtResource( 3 )]
transform = Transform( 0.707107, 0, 0.707107, 0, 1, 0, -0.707107, 0, 0.707107, 200.15, 4, 53.2889 )

[node name="Wall47" parent="Level/Cave" instance=ExtResource( 3 )]
transform = Transform( 0.707107, 0, 0.707107, 0, 1, 0, -0.707107, 0, 0.707107, 194.494, 4, 47.6321 )

[node name="Wall48" parent="Level/Cave" instance=ExtResource( 3 )]
transform = Transform( 0.707107, 0, 0.707107, 0, 1, 0, -0.707107, 0, 0.707107, 188.837, 4, 41.9752 )

[node name="Raised18" type="StaticBody" parent="Level/Cave"]
transform = Transform( 7.55343, -1.34169, 0.958007, 3.77687, 2.68326, 0.479023, -5.35547, 0, 1.68901, 105.461, 0.659977, 32.0976 )

[node name="CollisionShape" type="CollisionShape" parent="Level/Cave/Raised18"]
shape = SubResource( 19 )

[node name="MeshInstance" type="MeshInstance" parent="Level/Cave/Raised18"]
mesh = SubResource( 2 )
material/0 = null

[node name="Raised19" type="StaticBody" parent="Level/Cave"]
transform = Transform( -4.89154, 0, -1.74439, 0, 3, 0, 8.72197, 0, -0.978308, 107.282, 0.659976, 32.5448 )

[node name="CollisionShape" type="CollisionShape" parent="Level/Cave/Raised19"]
shape = SubResource( 20 )

[node name="MeshInstance" type="MeshInstance" parent="Level/Cave/Raised19"]
transform = Transform( 1, 0, -3.72529e-09, 0, 1, 0, 0, 0, 1, 0, 0, 0 )
mesh = SubResource( 2 )
material/0 = null

[node name="Raised20" type="StaticBody" parent="Level/Cave"]
transform = Transform( 8.27306, 0, -1.1235, 0, 3, 0, 5.61751, 0, 1.65461, 173.04, -1.75389, 24.1753 )

[node name="CollisionShape" type="CollisionShape" parent="Level/Cave/Raised20"]
shape = SubResource( 21 )

[node name="MeshInstance" type="MeshInstance" parent="Level/Cave/Raised20"]
mesh = SubResource( 2 )
material/0 = null

[node name="Raised21" type="StaticBody" parent="Level/Cave"]
transform = Transform( -3.13133, -0.121275, -1.8977, -3.01244, 2.85519, 0.117734, 9.00666, 0.912803, -0.620391, 174.591, -1.75389, 25.2284 )

[node name="CollisionShape" type="CollisionShape" parent="Level/Cave/Raised21"]
transform = Transform( 1, -7.45058e-09, 3.72529e-09, -5.96046e-08, 1, 7.45058e-09, 0, 0, 1, 0, 0, 0 )
shape = SubResource( 22 )

[node name="MeshInstance" type="MeshInstance" parent="Level/Cave/Raised21"]
transform = Transform( 1, 0, -3.72529e-09, 0, 1, 0, 0, 0, 1, 0, 0, 0 )
mesh = SubResource( 2 )
material/0 = null

[node name="Enemy2" parent="Level/Cave" instance=ExtResource( 5 )]
transform = Transform( 1.33, 0, 0, 0, 1.33, 0, 0, 0, 1.33, 28.6647, 5.74311, 52.2437 )
health = 175.0
hearing_range_squared = 1500.0
sight_range_squared = 1200.0

[node name="Enemy" parent="Level/Cave" instance=ExtResource( 5 )]
transform = Transform( 1.33, 0, 0, 0, 1.33, 0, 0, 0, 1.33, 28.6647, 5.74311, 42.4122 )
health = 175.0
hearing_range_squared = 1500.0
sight_range_squared = 1200.0

[node name="Enemy5" parent="Level/Cave" instance=ExtResource( 5 )]
transform = Transform( 1.33, 0, 0, 0, 1.33, 0, 0, 0, 1.33, 53.0665, 5.74311, 59.8592 )
health = 175.0
hearing_range_squared = 1500.0
sight_range_squared = 1200.0

[node name="Enemy6" parent="Level/Cave" instance=ExtResource( 5 )]
transform = Transform( 1.33, 0, 0, 0, 1.33, 0, 0, 0, 1.33, 53.0665, 5.74311, 50.0278 )
health = 175.0
hearing_range_squared = 1500.0
sight_range_squared = 1200.0

[node name="Enemy10" parent="Level/Cave" instance=ExtResource( 5 )]
transform = Transform( 1.33, 0, 0, 0, 1.33, 0, 0, 0, 1.33, 55.0637, 5.74311, 42.1058 )
health = 175.0
hearing_range_squared = 1500.0
sight_range_squared = 1200.0

[node name="Enemy12" parent="Level/Cave" instance=ExtResource( 5 )]
transform = Transform( 1.33, 0, 0, 0, 1.33, 0, 0, 0, 1.33, 67.4827, 5.74311, 44.3753 )
health = 175.0
hearing_range_squared = 1500.0
sight_range_squared = 1200.0

[node name="Enemy15" parent="Level/Cave" instance=ExtResource( 5 )]
transform = Transform( 1.33, 0, 0, 0, 1.33, 0, 0, 0, 1.33, 91.8845, 5.74311, 61.8223 )
health = 175.0
hearing_range_squared = 1500.0
sight_range_squared = 1200.0

[node name="Enemy16" parent="Level/Cave" instance=ExtResource( 5 )]
transform = Transform( 1.33, 0, 0, 0, 1.33, 0, 0, 0, 1.33, 91.8845, 5.74311, 51.9908 )
health = 175.0
hearing_range_squared = 1500.0
sight_range_squared = 1200.0

[node name="Enemy17" parent="Level/Cave" instance=ExtResource( 5 )]
transform = Transform( 1.33, 0, 0, 0, 1.33, 0, 0, 0, 1.33, 136.134, 5.74311, 28.8058 )
health = 175.0
hearing_range_squared = 1500.0
sight_range_squared = 1200.0

[node name="Enemy18" parent="Level/Cave" instance=ExtResource( 5 )]
transform = Transform( 1.33, 0, 0, 0, 1.33, 0, 0, 0, 1.33, 136.134, 5.74311, 18.9743 )
health = 175.0
hearing_range_squared = 1500.0
sight_range_squared = 1200.0

[node name="Enemy19" parent="Level/Cave" instance=ExtResource( 5 )]
transform = Transform( 1.33, 0, 0, 0, 1.33, 0, 0, 0, 1.33, 148.116, 5.74311, 34.1518 )
health = 175.0
hearing_range_squared = 1500.0
sight_range_squared = 1200.0

[node name="Enemy20" parent="Level/Cave" instance=ExtResource( 5 )]
transform = Transform( 1.33, 0, 0, 0, 1.33, 0, 0, 0, 1.33, 148.116, 5.74311, 24.3204 )
health = 175.0
hearing_range_squared = 1500.0
sight_range_squared = 1200.0

[node name="Staircase" type="Spatial" parent="Level"]
script = ExtResource( 8 )

[node name="Enemy" parent="Level/Staircase" instance=ExtResource( 5 )]
transform = Transform( 1, 0, 0, 0, 1, 0, 0, 0, 1, 158.1, 0, 93.3403 )

[node name="Enemy2" parent="Level/Staircase" instance=ExtResource( 5 )]
transform = Transform( 1, 0, 0, 0, 1, 0, 0, 0, 1, 144.067, 0, 84.1045 )

[node name="barrier1" type="StaticBody" parent="Level/Staircase"]
transform = Transform( 10, 0, 0, 0, -0.776457, 1.93185, 0, -2.89778, -0.517638, 116.756, 2.99266, 57.1364 )

[node name="CollisionShape" type="CollisionShape" parent="Level/Staircase/barrier1"]
shape = SubResource( 23 )

[node name="MeshInstance" type="MeshInstance" parent="Level/Staircase/barrier1"]
mesh = SubResource( 2 )
material/0 = null

[node name="barrier2" type="StaticBody" parent="Level/Staircase"]
transform = Transform( -2.66986, 0, -1.9274, 9.30863, -0.776457, -0.515777, -2.49424, -2.89778, 0.138202, 118.631, 2.99266, 57.1364 )

[node name="CollisionShape" type="CollisionShape" parent="Level/Staircase/barrier2"]
shape = SubResource( 24 )

[node name="MeshInstance" type="MeshInstance" parent="Level/Staircase/barrier2"]
transform = Transform( 1, 0, -3.72529e-09, 0, 1, 0, 0, 0, 1, 0, 0, 0 )
mesh = SubResource( 2 )
material/0 = null

[node name="barrier3" type="StaticBody" parent="Level/Staircase"]
transform = Transform( 9.27765, 1.08135, 0.193165, 0, -0.776457, 1.93185, 3.73166, -2.68846, -0.480246, 134.345, 2.99266, 57.9156 )

[node name="CollisionShape" type="CollisionShape" parent="Level/Staircase/barrier3"]
shape = SubResource( 25 )

[node name="MeshInstance" type="MeshInstance" parent="Level/Staircase/barrier3"]
transform = Transform( 1, 0, 0, 0, 1, -1.49012e-08, 0, -8.9407e-08, 1, 0, 0, 0 )
mesh = SubResource( 2 )
material/0 = null

[node name="barrier4" type="StaticBody" parent="Level/Staircase"]
transform = Transform( -1.54624, 1.08135, -1.83975, 9.30863, -0.776457, -0.515777, -3.31037, -2.68846, -0.591021, 136.084, 2.99266, 58.6152 )

[node name="CollisionShape" type="CollisionShape" parent="Level/Staircase/barrier4"]
shape = SubResource( 26 )

[node name="MeshInstance" type="MeshInstance" parent="Level/Staircase/barrier4"]
transform = Transform( 1, 0, -3.72529e-09, 0, 1, 0, 0, 0, 1, 0, 0, 0 )
mesh = SubResource( 2 )
material/0 = null

[node name="barrier5" type="StaticBody" parent="Level/Staircase"]
transform = Transform( 5.71588, -2.37775, -0.424743, 0, -0.776457, 1.93185, -8.20541, -1.65633, -0.295875, 148.936, 2.99267, 53.264 )

[node name="CollisionShape" type="CollisionShape" parent="Level/Staircase/barrier5"]
shape = SubResource( 27 )

[node name="MeshInstance" type="MeshInstance" parent="Level/Staircase/barrier5"]
transform = Transform( 1, 0, 0, 0, 1, -1.49012e-08, 0, -8.9407e-08, 1, 0, 0, 0 )
mesh = SubResource( 2 )
material/0 = null

[node name="barrier6" type="StaticBody" parent="Level/Staircase"]
transform = Transform( -3.57269, -2.37775, -0.988278, 9.30863, -0.776457, -0.515777, 0.765054, -1.65633, 1.66051, 150.008, 2.99266, 51.7257 )

[node name="CollisionShape" type="CollisionShape" parent="Level/Staircase/barrier6"]
shape = SubResource( 28 )

[node name="MeshInstance" type="MeshInstance" parent="Level/Staircase/barrier6"]
transform = Transform( 1, 0, -3.72529e-09, 0, 1, 0, 0, 0, 1, 0, 0, 0 )
mesh = SubResource( 2 )
material/0 = null

[node name="barrier7" type="StaticBody" parent="Level/Staircase"]
transform = Transform( 9.08504, 0.115403, 0.832205, -3.87079, -0.893163, 1.74532, 1.57451, -2.86163, -0.511181, 159.83, 3.35549, 44.2534 )

[node name="CollisionShape" type="CollisionShape" parent="Level/Staircase/barrier7"]
shape = SubResource( 29 )

[node name="MeshInstance" type="MeshInstance" parent="Level/Staircase/barrier7"]
transform = Transform( 1, 0, 0, 0, 1, -1.49012e-08, 0, -8.9407e-08, 1, 0, 0, 0 )
mesh = SubResource( 2 )
material/0 = null

[node name="barrier8" type="StaticBody" parent="Level/Staircase"]
transform = Transform( 1.5844, 0.115403, -1.97324, 9.44326, -0.893163, 0.280081, -2.8835, -2.86163, -0.166994, 161.533, 2.62982, 44.5486 )

[node name="CollisionShape" type="CollisionShape" parent="Level/Staircase/barrier8"]
shape = SubResource( 30 )

[node name="MeshInstance" type="MeshInstance" parent="Level/Staircase/barrier8"]
transform = Transform( 1, 0, -3.72529e-09, 0, 1, 0, 0, 0, 1, 0, 0, 0 )
mesh = SubResource( 2 )
material/0 = null

[node name="barrier9" type="StaticBody" parent="Level/Staircase"]
transform = Transform( 8.97564, 1.27301, -0.239323, 2.07665, -0.502439, 1.92751, 3.88915, -2.66965, -0.476886, 173.211, 2.79801, 46.6852 )

[node name="CollisionShape" type="CollisionShape" parent="Level/Staircase/barrier9"]
shape = SubResource( 31 )

[node name="MeshInstance" type="MeshInstance" parent="Level/Staircase/barrier9"]
transform = Transform( 1, 0, 0, 0, 1, -1.49012e-08, 0, -8.9407e-08, 1, 0, 0, 0 )
mesh = SubResource( 2 )
material/0 = null

[node name="barrier10" type="StaticBody" parent="Level/Staircase"]
transform = Transform( -3.54955, 1.27301, -1.66607, 8.73329, -0.502439, -0.914872, -3.33623, -2.66965, -0.622273, 174.894, 3.18731, 47.4143 )

[node name="CollisionShape" type="CollisionShape" parent="Level/Staircase/barrier10"]
shape = SubResource( 32 )

[node name="MeshInstance" type="MeshInstance" parent="Level/Staircase/barrier10"]
transform = Transform( 1, 0, -3.72529e-09, 0, 1, 0, 0, 0, 1, 0, 0, 0 )
mesh = SubResource( 2 )
material/0 = null

[node name="barrier11" type="StaticBody" parent="Level/Staircase"]
transform = Transform( 5.71588, -2.37775, -0.424743, 0, -0.776457, 1.93185, -8.20541, -1.65633, -0.295875, 182.206, 2.99267, 41.878 )

[node name="CollisionShape" type="CollisionShape" parent="Level/Staircase/barrier11"]
shape = SubResource( 33 )

[node name="MeshInstance" type="MeshInstance" parent="Level/Staircase/barrier11"]
transform = Transform( 1, 0, 0, 0, 1, -1.49012e-08, 0, -8.9407e-08, 1, 0, 0, 0 )
mesh = SubResource( 2 )
material/0 = null

[node name="barrier12" type="StaticBody" parent="Level/Staircase"]
transform = Transform( -3.57269, -2.37775, -0.988278, 9.30863, -0.776457, -0.515777, 0.765054, -1.65633, 1.66051, 183.277, 2.99266, 40.3398 )

[node name="CollisionShape" type="CollisionShape" parent="Level/Staircase/barrier12"]
shape = SubResource( 34 )

[node name="MeshInstance" type="MeshInstance" parent="Level/Staircase/barrier12"]
transform = Transform( 1, 0, -3.72529e-09, 0, 1, 0, 0, 0, 1, 0, 0, 0 )
mesh = SubResource( 2 )
material/0 = null

[node name="Timer" type="Timer" parent="Level/Staircase"]
wait_time = 10.0
one_shot = true

[node name="Wall41" parent="Level/Staircase" instance=ExtResource( 3 )]
transform = Transform( 0.867549, 0, -0.497352, 0, 1, 0, 0.497352, 0, 0.867549, 194.944, 4, 81.2824 )

[node name="Wall42" parent="Level/Staircase" instance=ExtResource( 3 )]
transform = Transform( 0.867549, 0, -0.497352, 0, 1, 0, 0.497352, 0, 0.867549, 198.923, 4, 74.342 )

[node name="Wall43" parent="Level/Staircase" instance=ExtResource( 3 )]
transform = Transform( 0.867549, 0, -0.497352, 0, 1, 0, 0.497352, 0, 0.867549, 202.902, 4, 67.4016 )

[node name="Wall44" parent="Level/Staircase" instance=ExtResource( 3 )]
transform = Transform( 0.867549, 0, -0.497352, 0, 1, 0, 0.497352, 0, 0.867549, 206.88, 4, 60.4612 )

[node name="Wall45" parent="Level/Staircase" instance=ExtResource( 3 )]
transform = Transform( 0.999995, 0, 0.00305438, 0, 1, 0, -0.00305438, 0, 0.999995, 193.102, 4, 112.491 )

[node name="Wall46" parent="Level/Staircase" instance=ExtResource( 3 )]
transform = Transform( 0.999995, 0, 0.00305438, 0, 1, 0, -0.00305438, 0, 0.999995, 193.078, 4, 104.492 )

[node name="Wall47" parent="Level/Staircase" instance=ExtResource( 3 )]
transform = Transform( 0.999995, 0, 0.00305438, 0, 1, 0, -0.00305438, 0, 0.999995, 193.053, 4, 96.4915 )

[node name="Wall48" parent="Level/Staircase" instance=ExtResource( 3 )]
transform = Transform( 0.999995, 0, 0.00305438, 0, 1, 0, -0.00305438, 0, 0.999995, 193.029, 4, 88.4916 )

[node name="Wall49" parent="Level/Staircase" instance=ExtResource( 3 )]
transform = Transform( 0.102098, 0, -0.994774, 0, 1, 0, 0.994774, 0, 0.102098, 166.352, 4, 117.309 )

[node name="Wall50" parent="Level/Staircase" instance=ExtResource( 3 )]
transform = Transform( 0.102098, 0, -0.994774, 0, 1, 0, 0.994774, 0, 0.102098, 174.31, 4, 116.492 )

[node name="Wall51" parent="Level/Staircase" instance=ExtResource( 3 )]
transform = Transform( 0.102098, 0, -0.994774, 0, 1, 0, 0.994774, 0, 0.102098, 182.269, 4, 115.676 )

[node name="Wall52" parent="Level/Staircase" instance=ExtResource( 3 )]
transform = Transform( 0.102098, 0, -0.994774, 0, 1, 0, 0.994774, 0, 0.102098, 190.227, 4, 114.859 )

[node name="Wall53" parent="Level/Staircase" instance=ExtResource( 3 )]
transform = Transform( 0.585807, 0, -0.810451, 0, 1, 0, 0.810451, 0, 0.585807, 139.929, 4, 134.019 )

[node name="Wall54" parent="Level/Staircase" instance=ExtResource( 3 )]
transform = Transform( 0.585807, 0, -0.810451, 0, 1, 0, 0.810451, 0, 0.585807, 146.412, 4, 129.332 )

[node name="Wall55" parent="Level/Staircase" instance=ExtResource( 3 )]
transform = Transform( 0.585807, 0, -0.810451, 0, 1, 0, 0.810451, 0, 0.585807, 152.896, 4, 124.646 )

[node name="Wall56" parent="Level/Staircase" instance=ExtResource( 3 )]
transform = Transform( 0.585807, 0, -0.810451, 0, 1, 0, 0.810451, 0, 0.585807, 159.38, 4, 119.959 )

[node name="Wall57" parent="Level/Staircase" instance=ExtResource( 3 )]
transform = Transform( -0.647814, 0, -0.761799, 0, 1, 0, 0.761799, 0, -0.647814, 123.388, 4, 113.716 )

[node name="Wall58" parent="Level/Staircase" instance=ExtResource( 3 )]
transform = Transform( -0.647814, 0, -0.761799, 0, 1, 0, 0.761799, 0, -0.647814, 129.482, 4, 118.899 )

[node name="Wall59" parent="Level/Staircase" instance=ExtResource( 3 )]
transform = Transform( -0.647814, 0, -0.761799, 0, 1, 0, 0.761799, 0, -0.647814, 135.577, 4, 124.081 )

[node name="Wall60" parent="Level/Staircase" instance=ExtResource( 3 )]
transform = Transform( -0.647814, 0, -0.761799, 0, 1, 0, 0.761799, 0, -0.647814, 141.671, 4, 129.264 )

[node name="Wall61" parent="Level/Staircase" instance=ExtResource( 3 )]
transform = Transform( -0.180124, 0, -0.983644, 0, 1, 0, 0.983644, 0, -0.180124, 93.0439, 4, 106.191 )

[node name="Wall62" parent="Level/Staircase" instance=ExtResource( 3 )]
transform = Transform( -0.180124, 0, -0.983644, 0, 1, 0, 0.983644, 0, -0.180124, 100.913, 4, 107.632 )

[node name="Wall63" parent="Level/Staircase" instance=ExtResource( 3 )]
transform = Transform( -0.180124, 0, -0.983644, 0, 1, 0, 0.983644, 0, -0.180124, 108.782, 4, 109.073 )

[node name="Wall64" parent="Level/Staircase" instance=ExtResource( 3 )]
transform = Transform( -0.180124, 0, -0.983644, 0, 1, 0, 0.983644, 0, -0.180124, 116.651, 4, 110.514 )

[node name="Wall65" parent="Level/Staircase" instance=ExtResource( 3 )]
transform = Transform( -0.972492, 0, 0.232936, 0, 1, 0, -0.232936, 0, -0.972492, 114.804, 4, 99.9898 )

[node name="Wall66" parent="Level/Staircase" instance=ExtResource( 3 )]
transform = Transform( -0.972492, 0, 0.232936, 0, 1, 0, -0.232936, 0, -0.972492, 112.941, 4, 107.77 )

[node name="Wall67" parent="Level/Staircase" instance=ExtResource( 3 )]
transform = Transform( -0.972492, 0, 0.232936, 0, 1, 0, -0.232936, 0, -0.972492, 111.077, 4, 115.55 )

[node name="Wall68" parent="Level/Staircase" instance=ExtResource( 3 )]
transform = Transform( -0.972492, 0, 0.232936, 0, 1, 0, -0.232936, 0, -0.972492, 109.214, 4, 123.33 )

[node name="Wall69" parent="Level/Staircase" instance=ExtResource( 3 )]
transform = Transform( -0.958671, 0, -0.284517, 0, 1, 0, 0.284517, 0, -0.958671, 107.783, 4, 69.525 )

[node name="Wall70" parent="Level/Staircase" instance=ExtResource( 3 )]
transform = Transform( -0.958671, 0, -0.284517, 0, 1, 0, 0.284517, 0, -0.958671, 110.059, 4, 77.1943 )

[node name="Wall71" parent="Level/Staircase" instance=ExtResource( 3 )]
transform = Transform( -0.958671, 0, -0.284517, 0, 1, 0, 0.284517, 0, -0.958671, 112.335, 4, 84.8637 )

[node name="Wall72" parent="Level/Staircase" instance=ExtResource( 3 )]
transform = Transform( -0.958671, 0, -0.284517, 0, 1, 0, 0.284517, 0, -0.958671, 114.611, 4, 92.5331 )

[node name="WallsUp" type="Spatial" parent="Level/Staircase"]
transform = Transform( 1, 0, 0, 0, 1, 0, 0, 0, 1, 146.608, 0, 80.3193 )

[node name="Wall41" parent="Level/Staircase/WallsUp" instance=ExtResource( 3 )]
transform = Transform( 0.867549, 0, -0.497352, 0, 1, 0, 0.497352, 0, 0.867549, 48.3308, 10.5132, 1.21371 )

[node name="Wall42" parent="Level/Staircase/WallsUp" instance=ExtResource( 3 )]
transform = Transform( 0.867549, 0, -0.497352, 0, 1, 0, 0.497352, 0, 0.867549, 52.3096, 10.5132, -5.72669 )

[node name="Wall43" parent="Level/Staircase/WallsUp" instance=ExtResource( 3 )]
transform = Transform( 0.867549, 0, -0.497352, 0, 1, 0, 0.497352, 0, 0.867549, 56.2885, 10.5132, -12.6671 )

[node name="Wall44" parent="Level/Staircase/WallsUp" instance=ExtResource( 3 )]
transform = Transform( 0.867549, 0, -0.497352, 0, 1, 0, 0.497352, 0, 0.867549, 60.2673, 10.5132, -19.6075 )

[node name="Wall45" parent="Level/Staircase/WallsUp" instance=ExtResource( 3 )]
transform = Transform( 0.999995, 0, 0.00305438, 0, 1, 0, -0.00305438, 0, 0.999995, 46.4893, 10.5132, 32.4228 )

[node name="Wall46" parent="Level/Staircase/WallsUp" instance=ExtResource( 3 )]
transform = Transform( 0.999995, 0, 0.00305438, 0, 1, 0, -0.00305438, 0, 0.999995, 46.4648, 10.5132, 24.4228 )

[node name="Wall47" parent="Level/Staircase/WallsUp" instance=ExtResource( 3 )]
transform = Transform( 0.999995, 0, 0.00305438, 0, 1, 0, -0.00305438, 0, 0.999995, 46.4404, 10.5132, 16.4229 )

[node name="Wall48" parent="Level/Staircase/WallsUp" instance=ExtResource( 3 )]
transform = Transform( 0.999995, 0, 0.00305438, 0, 1, 0, -0.00305438, 0, 0.999995, 46.4159, 10.5132, 8.42294 )

[node name="Wall49" parent="Level/Staircase/WallsUp" instance=ExtResource( 3 )]
transform = Transform( 0.102098, 0, -0.994774, 0, 1, 0, 0.994774, 0, 0.102098, 19.7391, 10.5132, 37.2406 )

[node name="Wall50" parent="Level/Staircase/WallsUp" instance=ExtResource( 3 )]
transform = Transform( 0.102098, 0, -0.994774, 0, 1, 0, 0.994774, 0, 0.102098, 27.6973, 10.5132, 36.4238 )

[node name="Wall51" parent="Level/Staircase/WallsUp" instance=ExtResource( 3 )]
transform = Transform( 0.102098, 0, -0.994774, 0, 1, 0, 0.994774, 0, 0.102098, 35.6555, 10.5132, 35.607 )

[node name="Wall52" parent="Level/Staircase/WallsUp" instance=ExtResource( 3 )]
transform = Transform( 0.102098, 0, -0.994774, 0, 1, 0, 0.994774, 0, 0.102098, 43.6137, 10.5132, 34.7903 )

[node name="Wall53" parent="Level/Staircase/WallsUp" instance=ExtResource( 3 )]
transform = Transform( 0.585807, 0, -0.810451, 0, 1, 0, 0.810451, 0, 0.585807, -6.68427, 10.5132, 53.95 )

[node name="Wall54" parent="Level/Staircase/WallsUp" instance=ExtResource( 3 )]
transform = Transform( 0.585807, 0, -0.810451, 0, 1, 0, 0.810451, 0, 0.585807, -0.200653, 10.5132, 49.2635 )

[node name="Wall55" parent="Level/Staircase/WallsUp" instance=ExtResource( 3 )]
transform = Transform( 0.585807, 0, -0.810451, 0, 1, 0, 0.810451, 0, 0.585807, 6.28296, 10.5132, 44.5771 )

[node name="Wall56" parent="Level/Staircase/WallsUp" instance=ExtResource( 3 )]
transform = Transform( 0.585807, 0, -0.810451, 0, 1, 0, 0.810451, 0, 0.585807, 12.7665, 10.5132, 39.8906 )

[node name="Wall57" parent="Level/Staircase/WallsUp" instance=ExtResource( 3 )]
transform = Transform( -0.647814, 0, -0.761799, 0, 1, 0, 0.761799, 0, -0.647814, -23.2251, 10.5132, 33.6478 )

[node name="Wall58" parent="Level/Staircase/WallsUp" instance=ExtResource( 3 )]
transform = Transform( -0.647814, 0, -0.761799, 0, 1, 0, 0.761799, 0, -0.647814, -17.1307, 10.5132, 38.8303 )

[node name="Wall59" parent="Level/Staircase/WallsUp" instance=ExtResource( 3 )]
transform = Transform( -0.647814, 0, -0.761799, 0, 1, 0, 0.761799, 0, -0.647814, -11.0363, 10.5132, 44.0128 )

[node name="Wall60" parent="Level/Staircase/WallsUp" instance=ExtResource( 3 )]
transform = Transform( -0.647814, 0, -0.761799, 0, 1, 0, 0.761799, 0, -0.647814, -4.94193, 10.5132, 49.1953 )

[node name="Wall61" parent="Level/Staircase/WallsUp" instance=ExtResource( 3 )]
transform = Transform( -0.180124, 0, -0.983644, 0, 1, 0, 0.983644, 0, -0.180124, -53.5692, 10.5132, 26.1221 )

[node name="Wall62" parent="Level/Staircase/WallsUp" instance=ExtResource( 3 )]
transform = Transform( -0.180124, 0, -0.983644, 0, 1, 0, 0.983644, 0, -0.180124, -45.7, 10.5132, 27.5631 )

[node name="Wall63" parent="Level/Staircase/WallsUp" instance=ExtResource( 3 )]
transform = Transform( -0.180124, 0, -0.983644, 0, 1, 0, 0.983644, 0, -0.180124, -37.8309, 10.5132, 29.0041 )

[node name="Wall64" parent="Level/Staircase/WallsUp" instance=ExtResource( 3 )]
transform = Transform( -0.180124, 0, -0.983644, 0, 1, 0, 0.983644, 0, -0.180124, -29.9617, 10.5132, 30.445 )

[node name="Wall65" parent="Level/Staircase/WallsUp" instance=ExtResource( 3 )]
transform = Transform( -0.972492, 0, 0.232936, 0, 1, 0, -0.232936, 0, -0.972492, -31.809, 10.5132, 19.9211 )

[node name="Wall66" parent="Level/Staircase/WallsUp" instance=ExtResource( 3 )]
transform = Transform( -0.972492, 0, 0.232936, 0, 1, 0, -0.232936, 0, -0.972492, -33.6724, 10.5132, 27.7011 )

[node name="Wall67" parent="Level/Staircase/WallsUp" instance=ExtResource( 3 )]
transform = Transform( -0.972492, 0, 0.232936, 0, 1, 0, -0.232936, 0, -0.972492, -35.5359, 10.5132, 35.481 )

[node name="Wall68" parent="Level/Staircase/WallsUp" instance=ExtResource( 3 )]
